(kicad_pcb (version 20171130) (host pcbnew 5.1.10-88a1d61d58~88~ubuntu18.04.1)

  (general
    (thickness 0.8)
    (drawings 18)
    (tracks 440)
    (zones 0)
    (modules 52)
    (nets 51)
  )

  (page A4)
  (layers
    (0 F.Cu signal)
    (31 B.Cu signal)
    (32 B.Adhes user)
    (33 F.Adhes user)
    (34 B.Paste user)
    (35 F.Paste user)
    (36 B.SilkS user)
    (37 F.SilkS user)
    (38 B.Mask user)
    (39 F.Mask user)
    (40 Dwgs.User user)
    (41 Cmts.User user)
    (42 Eco1.User user)
    (43 Eco2.User user)
    (44 Edge.Cuts user)
    (45 Margin user)
    (46 B.CrtYd user)
    (47 F.CrtYd user)
    (48 B.Fab user)
    (49 F.Fab user hide)
  )

  (setup
    (last_trace_width 0.635)
    (user_trace_width 0.254)
    (user_trace_width 0.381)
    (user_trace_width 0.508)
    (user_trace_width 0.635)
    (user_trace_width 1.016)
    (user_trace_width 1.27)
    (user_trace_width 2.54)
    (trace_clearance 0.2)
    (zone_clearance 0.254)
    (zone_45_only no)
    (trace_min 0.2)
    (via_size 0.8)
    (via_drill 0.4)
    (via_min_size 0.4)
    (via_min_drill 0.3)
    (uvia_size 0.3)
    (uvia_drill 0.1)
    (uvias_allowed no)
    (uvia_min_size 0.2)
    (uvia_min_drill 0.1)
    (edge_width 0.05)
    (segment_width 0.2)
    (pcb_text_width 0.3)
    (pcb_text_size 1.5 1.5)
    (mod_edge_width 0.12)
    (mod_text_size 1 1)
    (mod_text_width 0.15)
    (pad_size 4.4 4.4)
    (pad_drill 2.2)
    (pad_to_mask_clearance 0)
    (aux_axis_origin 0 0)
    (grid_origin 25.4 30.4)
    (visible_elements FFFFFF7F)
    (pcbplotparams
      (layerselection 0x01000_7fffffff)
      (usegerberextensions false)
      (usegerberattributes true)
      (usegerberadvancedattributes true)
      (creategerberjobfile true)
      (excludeedgelayer true)
      (linewidth 0.100000)
      (plotframeref false)
      (viasonmask false)
      (mode 1)
      (useauxorigin false)
      (hpglpennumber 1)
      (hpglpenspeed 20)
      (hpglpendiameter 15.000000)
      (psnegative false)
      (psa4output false)
      (plotreference true)
      (plotvalue true)
      (plotinvisibletext false)
      (padsonsilk false)
      (subtractmaskfromsilk false)
      (outputformat 4)
      (mirror false)
      (drillshape 0)
      (scaleselection 1)
      (outputdirectory "plots/"))
  )

  (net 0 "")
  (net 1 GND)
  (net 2 "Net-(C1-Pad1)")
  (net 3 "Net-(C2-Pad1)")
  (net 4 "Net-(C2-Pad2)")
  (net 5 "Net-(C3-Pad1)")
  (net 6 "Net-(C4-Pad2)")
  (net 7 "Net-(C5-Pad2)")
  (net 8 VCC)
  (net 9 "Net-(C7-Pad1)")
  (net 10 "Net-(C10-Pad2)")
  (net 11 "Net-(C11-Pad2)")
  (net 12 "Net-(C13-Pad1)")
  (net 13 "Net-(C13-Pad2)")
  (net 14 "Net-(D1-Pad1)")
  (net 15 /LED_A)
  (net 16 "Net-(J1-Pad1)")
  (net 17 "Net-(J1-Pad2)")
  (net 18 "Net-(J1-Pad3)")
  (net 19 "Net-(J1-Pad4)")
  (net 20 "Net-(J2-Pad2)")
  (net 21 "Net-(J5-Pad1)")
  (net 22 "Net-(J5-Pad3)")
  (net 23 "Net-(J5-Pad4)")
  (net 24 "Net-(J5-Pad5)")
  (net 25 "Net-(J6-Pad3)")
  (net 26 "Net-(J6-Pad2)")
  (net 27 "Net-(PTC1-Pad1)")
  (net 28 "Net-(R6-Pad1)")
  (net 29 "Net-(R9-Pad1)")
  (net 30 "Net-(R12-Pad1)")
  (net 31 /LED_B)
  (net 32 "Net-(R16-Pad2)")
  (net 33 "Net-(R17-Pad2)")
  (net 34 /SCK)
  (net 35 /DOUT)
  (net 36 "Net-(U1-Pad13)")
  (net 37 /RATE)
  (net 38 /N_BATT_STDBY)
  (net 39 /N_BATT_CHRG)
  (net 40 "Net-(U3-Pad12)")
  (net 41 "Net-(U3-Pad13)")
  (net 42 "Net-(U3-Pad19)")
  (net 43 "Net-(U3-Pad22)")
  (net 44 "Net-(U3-Pad27)")
  (net 45 "Net-(U3-Pad28)")
  (net 46 "Net-(Q1-Pad1)")
  (net 47 "Net-(Q2-Pad1)")
  (net 48 "Net-(U3-Pad11)")
  (net 49 "Net-(U3-Pad14)")
  (net 50 "Net-(J2-Pad1)")

  (net_class Default "This is the default net class."
    (clearance 0.2)
    (trace_width 0.25)
    (via_dia 0.8)
    (via_drill 0.4)
    (uvia_dia 0.3)
    (uvia_drill 0.1)
    (add_net /DOUT)
    (add_net /LED_A)
    (add_net /LED_B)
    (add_net /N_BATT_CHRG)
    (add_net /N_BATT_STDBY)
    (add_net /RATE)
    (add_net /SCK)
    (add_net GND)
    (add_net "Net-(C1-Pad1)")
    (add_net "Net-(C10-Pad2)")
    (add_net "Net-(C11-Pad2)")
    (add_net "Net-(C13-Pad1)")
    (add_net "Net-(C13-Pad2)")
    (add_net "Net-(C2-Pad1)")
    (add_net "Net-(C2-Pad2)")
    (add_net "Net-(C3-Pad1)")
    (add_net "Net-(C4-Pad2)")
    (add_net "Net-(C5-Pad2)")
    (add_net "Net-(C7-Pad1)")
    (add_net "Net-(D1-Pad1)")
    (add_net "Net-(J1-Pad1)")
    (add_net "Net-(J1-Pad2)")
    (add_net "Net-(J1-Pad3)")
    (add_net "Net-(J1-Pad4)")
    (add_net "Net-(J2-Pad1)")
    (add_net "Net-(J2-Pad2)")
    (add_net "Net-(J5-Pad1)")
    (add_net "Net-(J5-Pad3)")
    (add_net "Net-(J5-Pad4)")
    (add_net "Net-(J5-Pad5)")
    (add_net "Net-(J6-Pad2)")
    (add_net "Net-(J6-Pad3)")
    (add_net "Net-(PTC1-Pad1)")
    (add_net "Net-(Q1-Pad1)")
    (add_net "Net-(Q2-Pad1)")
    (add_net "Net-(R12-Pad1)")
    (add_net "Net-(R16-Pad2)")
    (add_net "Net-(R17-Pad2)")
    (add_net "Net-(R6-Pad1)")
    (add_net "Net-(R9-Pad1)")
    (add_net "Net-(U1-Pad13)")
    (add_net "Net-(U3-Pad11)")
    (add_net "Net-(U3-Pad12)")
    (add_net "Net-(U3-Pad13)")
    (add_net "Net-(U3-Pad14)")
    (add_net "Net-(U3-Pad19)")
    (add_net "Net-(U3-Pad22)")
    (add_net "Net-(U3-Pad27)")
    (add_net "Net-(U3-Pad28)")
    (add_net VCC)
  )

  (module Resistor_SMD:R_0603_1608Metric (layer F.Cu) (tedit 5F68FEEE) (tstamp 60BAB5FC)
    (at 32.385 53.006 180)
    (descr "Resistor SMD 0603 (1608 Metric), square (rectangular) end terminal, IPC_7351 nominal, (Body size source: IPC-SM-782 page 72, https://www.pcb-3d.com/wordpress/wp-content/uploads/ipc-sm-782a_amendment_1_and_2.pdf), generated with kicad-footprint-generator")
    (tags resistor)
    (path /60F7770F)
    (attr smd)
    (fp_text reference R3 (at -0.127 -1.27) (layer F.SilkS)
      (effects (font (size 0.7 0.7) (thickness 0.1)))
    )
    (fp_text value 200 (at 0 1.43) (layer F.Fab)
      (effects (font (size 1 1) (thickness 0.15)))
    )
    (fp_text user %R (at 0 0) (layer F.Fab)
      (effects (font (size 0.7 0.7) (thickness 0.1)))
    )
    (fp_line (start -0.8 0.4125) (end -0.8 -0.4125) (layer F.Fab) (width 0.1))
    (fp_line (start -0.8 -0.4125) (end 0.8 -0.4125) (layer F.Fab) (width 0.1))
    (fp_line (start 0.8 -0.4125) (end 0.8 0.4125) (layer F.Fab) (width 0.1))
    (fp_line (start 0.8 0.4125) (end -0.8 0.4125) (layer F.Fab) (width 0.1))
    (fp_line (start -0.237258 -0.5225) (end 0.237258 -0.5225) (layer F.SilkS) (width 0.12))
    (fp_line (start -0.237258 0.5225) (end 0.237258 0.5225) (layer F.SilkS) (width 0.12))
    (fp_line (start -1.48 0.73) (end -1.48 -0.73) (layer F.CrtYd) (width 0.05))
    (fp_line (start -1.48 -0.73) (end 1.48 -0.73) (layer F.CrtYd) (width 0.05))
    (fp_line (start 1.48 -0.73) (end 1.48 0.73) (layer F.CrtYd) (width 0.05))
    (fp_line (start 1.48 0.73) (end -1.48 0.73) (layer F.CrtYd) (width 0.05))
    (pad 2 smd roundrect (at 0.825 0 180) (size 0.8 0.95) (layers F.Cu F.Paste F.Mask) (roundrect_rratio 0.25)
      (net 18 "Net-(J1-Pad3)"))
    (pad 1 smd roundrect (at -0.825 0 180) (size 0.8 0.95) (layers F.Cu F.Paste F.Mask) (roundrect_rratio 0.25)
      (net 17 "Net-(J1-Pad2)"))
    (model ${KISYS3DMOD}/Resistor_SMD.3dshapes/R_0603_1608Metric.wrl
      (at (xyz 0 0 0))
      (scale (xyz 1 1 1))
      (rotate (xyz 0 0 0))
    )
  )

  (module Crystal:Crystal_SMD_ECS_CSM3X-2Pin_7.6x4.1mm (layer F.Cu) (tedit 5AEE9E1A) (tstamp 60BAA9A8)
    (at 33.782 36.242 270)
    (descr http://www.ecsxtal.com/store/pdf/CSM-3X.pdf)
    (tags "Crystal CSM-3X")
    (path /60C36CA8)
    (attr smd)
    (fp_text reference Y1 (at -4.572 -1.524 180) (layer F.SilkS)
      (effects (font (size 0.7 0.7) (thickness 0.1)))
    )
    (fp_text value 16MHz (at 0 3.2 90) (layer F.Fab)
      (effects (font (size 1 1) (thickness 0.15)))
    )
    (fp_text user %R (at 0 -0.05 90) (layer F.Fab)
      (effects (font (size 0.7 0.7) (thickness 0.1)))
    )
    (fp_arc (start -1.5 0) (end -1.5 -2.05) (angle -180) (layer F.Fab) (width 0.1))
    (fp_arc (start 1.5 0) (end 1.5 2.05) (angle -180) (layer F.Fab) (width 0.1))
    (fp_line (start -3.8 -2.05) (end 3.8 -2.05) (layer F.Fab) (width 0.1))
    (fp_line (start 3.8 -2.05) (end 3.8 2.05) (layer F.Fab) (width 0.1))
    (fp_line (start 3.8 2.05) (end -3.8 2.05) (layer F.Fab) (width 0.1))
    (fp_line (start -3.8 2.05) (end -3.8 -2.05) (layer F.Fab) (width 0.1))
    (fp_line (start -3.92 -2.17) (end 3.92 -2.17) (layer F.SilkS) (width 0.12))
    (fp_line (start -3.92 -2.17) (end -3.92 -0.9) (layer F.SilkS) (width 0.12))
    (fp_line (start 3.92 -2.17) (end 3.92 -0.9) (layer F.SilkS) (width 0.12))
    (fp_line (start -3.92 2.17) (end 3.92 2.17) (layer F.SilkS) (width 0.12))
    (fp_line (start -3.92 2.17) (end -3.92 0.9) (layer F.SilkS) (width 0.12))
    (fp_line (start 3.92 2.17) (end 3.92 0.9) (layer F.SilkS) (width 0.12))
    (fp_line (start -4.75 -2.3) (end 4.75 -2.3) (layer F.CrtYd) (width 0.05))
    (fp_line (start -4.75 -2.3) (end -4.75 2.3) (layer F.CrtYd) (width 0.05))
    (fp_line (start 4.75 -2.3) (end 4.75 2.3) (layer F.CrtYd) (width 0.05))
    (fp_line (start -4.75 2.3) (end 4.75 2.3) (layer F.CrtYd) (width 0.05))
    (pad 2 smd rect (at 2.75 0 270) (size 3.5 1.2) (layers F.Cu F.Paste F.Mask)
      (net 11 "Net-(C11-Pad2)"))
    (pad 1 smd rect (at -2.75 0 270) (size 3.5 1.2) (layers F.Cu F.Paste F.Mask)
      (net 10 "Net-(C10-Pad2)"))
    (model ${KISYS3DMOD}/Crystal.3dshapes/Crystal_SMD_ECS_CSM3X-2Pin_7.6x4.1mm.wrl
      (at (xyz 0 0 0))
      (scale (xyz 1 1 1))
      (rotate (xyz 0 0 0))
    )
  )

  (module Resistor_SMD:R_0603_1608Metric (layer F.Cu) (tedit 5F68FEEE) (tstamp 60BCA8D3)
    (at 30.226 40.608 90)
    (descr "Resistor SMD 0603 (1608 Metric), square (rectangular) end terminal, IPC_7351 nominal, (Body size source: IPC-SM-782 page 72, https://www.pcb-3d.com/wordpress/wp-content/uploads/ipc-sm-782a_amendment_1_and_2.pdf), generated with kicad-footprint-generator")
    (tags resistor)
    (path /60B884C0)
    (attr smd)
    (fp_text reference R15 (at -1.984 0) (layer F.SilkS)
      (effects (font (size 0.7 0.7) (thickness 0.1)))
    )
    (fp_text value 10k (at 0 1.43 90) (layer F.Fab)
      (effects (font (size 1 1) (thickness 0.15)))
    )
    (fp_line (start 1.48 0.73) (end -1.48 0.73) (layer F.CrtYd) (width 0.05))
    (fp_line (start 1.48 -0.73) (end 1.48 0.73) (layer F.CrtYd) (width 0.05))
    (fp_line (start -1.48 -0.73) (end 1.48 -0.73) (layer F.CrtYd) (width 0.05))
    (fp_line (start -1.48 0.73) (end -1.48 -0.73) (layer F.CrtYd) (width 0.05))
    (fp_line (start -0.237258 0.5225) (end 0.237258 0.5225) (layer F.SilkS) (width 0.12))
    (fp_line (start -0.237258 -0.5225) (end 0.237258 -0.5225) (layer F.SilkS) (width 0.12))
    (fp_line (start 0.8 0.4125) (end -0.8 0.4125) (layer F.Fab) (width 0.1))
    (fp_line (start 0.8 -0.4125) (end 0.8 0.4125) (layer F.Fab) (width 0.1))
    (fp_line (start -0.8 -0.4125) (end 0.8 -0.4125) (layer F.Fab) (width 0.1))
    (fp_line (start -0.8 0.4125) (end -0.8 -0.4125) (layer F.Fab) (width 0.1))
    (fp_text user %R (at 0 0 90) (layer F.Fab)
      (effects (font (size 0.7 0.7) (thickness 0.1)))
    )
    (pad 1 smd roundrect (at -0.825 0 90) (size 0.8 0.95) (layers F.Cu F.Paste F.Mask) (roundrect_rratio 0.25)
      (net 8 VCC))
    (pad 2 smd roundrect (at 0.825 0 90) (size 0.8 0.95) (layers F.Cu F.Paste F.Mask) (roundrect_rratio 0.25)
      (net 24 "Net-(J5-Pad5)"))
    (model ${KISYS3DMOD}/Resistor_SMD.3dshapes/R_0603_1608Metric.wrl
      (at (xyz 0 0 0))
      (scale (xyz 1 1 1))
      (rotate (xyz 0 0 0))
    )
  )

  (module Package_TO_SOT_SMD:SOT-23 (layer F.Cu) (tedit 5A02FF57) (tstamp 60B95126)
    (at 45.339 33.144001)
    (descr "SOT-23, Standard")
    (tags SOT-23)
    (path /60BD1B42)
    (attr smd)
    (fp_text reference Q2 (at -0.206001 -2.236001) (layer F.SilkS)
      (effects (font (size 0.7 0.7) (thickness 0.1)))
    )
    (fp_text value BC817 (at 0 2.5) (layer F.Fab)
      (effects (font (size 1 1) (thickness 0.15)))
    )
    (fp_text user %R (at 0 0 90) (layer F.Fab)
      (effects (font (size 0.7 0.7) (thickness 0.1)))
    )
    (fp_line (start 0.76 1.58) (end -0.7 1.58) (layer F.SilkS) (width 0.12))
    (fp_line (start 0.76 -1.58) (end -1.4 -1.58) (layer F.SilkS) (width 0.12))
    (fp_line (start -1.7 1.75) (end -1.7 -1.75) (layer F.CrtYd) (width 0.05))
    (fp_line (start 1.7 1.75) (end -1.7 1.75) (layer F.CrtYd) (width 0.05))
    (fp_line (start 1.7 -1.75) (end 1.7 1.75) (layer F.CrtYd) (width 0.05))
    (fp_line (start -1.7 -1.75) (end 1.7 -1.75) (layer F.CrtYd) (width 0.05))
    (fp_line (start 0.76 -1.58) (end 0.76 -0.65) (layer F.SilkS) (width 0.12))
    (fp_line (start 0.76 1.58) (end 0.76 0.65) (layer F.SilkS) (width 0.12))
    (fp_line (start -0.7 1.52) (end 0.7 1.52) (layer F.Fab) (width 0.1))
    (fp_line (start 0.7 -1.52) (end 0.7 1.52) (layer F.Fab) (width 0.1))
    (fp_line (start -0.7 -0.95) (end -0.15 -1.52) (layer F.Fab) (width 0.1))
    (fp_line (start -0.15 -1.52) (end 0.7 -1.52) (layer F.Fab) (width 0.1))
    (fp_line (start -0.7 -0.95) (end -0.7 1.5) (layer F.Fab) (width 0.1))
    (pad 1 smd rect (at -1 -0.95) (size 0.9 0.8) (layers F.Cu F.Paste F.Mask)
      (net 47 "Net-(Q2-Pad1)"))
    (pad 2 smd rect (at -1 0.95) (size 0.9 0.8) (layers F.Cu F.Paste F.Mask)
      (net 13 "Net-(C13-Pad2)"))
    (pad 3 smd rect (at 1 0) (size 0.9 0.8) (layers F.Cu F.Paste F.Mask)
      (net 8 VCC))
    (model ${KISYS3DMOD}/Package_TO_SOT_SMD.3dshapes/SOT-23.wrl
      (at (xyz 0 0 0))
      (scale (xyz 1 1 1))
      (rotate (xyz 0 0 0))
    )
  )

  (module Connector_PinHeader_2.54mm:PinHeader_2x03_P2.54mm_Vertical (layer F.Cu) (tedit 59FED5CC) (tstamp 60B8E61E)
    (at 35.56 49.132 180)
    (descr "Through hole straight pin header, 2x03, 2.54mm pitch, double rows")
    (tags "Through hole pin header THT 2x03 2.54mm double row")
    (path /60C43461)
    (fp_text reference J5 (at 3.429 -2.096) (layer F.SilkS)
      (effects (font (size 0.7 0.7) (thickness 0.1)))
    )
    (fp_text value ICSP (at 1.27 7.41) (layer F.Fab)
      (effects (font (size 1 1) (thickness 0.15)))
    )
    (fp_text user %R (at 1.27 2.54 90) (layer F.Fab)
      (effects (font (size 0.7 0.7) (thickness 0.1)))
    )
    (fp_line (start 4.35 -1.8) (end -1.8 -1.8) (layer F.CrtYd) (width 0.05))
    (fp_line (start 4.35 6.85) (end 4.35 -1.8) (layer F.CrtYd) (width 0.05))
    (fp_line (start -1.8 6.85) (end 4.35 6.85) (layer F.CrtYd) (width 0.05))
    (fp_line (start -1.8 -1.8) (end -1.8 6.85) (layer F.CrtYd) (width 0.05))
    (fp_line (start -1.33 -1.33) (end 0 -1.33) (layer F.SilkS) (width 0.12))
    (fp_line (start -1.33 0) (end -1.33 -1.33) (layer F.SilkS) (width 0.12))
    (fp_line (start 1.27 -1.33) (end 3.87 -1.33) (layer F.SilkS) (width 0.12))
    (fp_line (start 1.27 1.27) (end 1.27 -1.33) (layer F.SilkS) (width 0.12))
    (fp_line (start -1.33 1.27) (end 1.27 1.27) (layer F.SilkS) (width 0.12))
    (fp_line (start 3.87 -1.33) (end 3.87 6.41) (layer F.SilkS) (width 0.12))
    (fp_line (start -1.33 1.27) (end -1.33 6.41) (layer F.SilkS) (width 0.12))
    (fp_line (start -1.33 6.41) (end 3.87 6.41) (layer F.SilkS) (width 0.12))
    (fp_line (start -1.27 0) (end 0 -1.27) (layer F.Fab) (width 0.1))
    (fp_line (start -1.27 6.35) (end -1.27 0) (layer F.Fab) (width 0.1))
    (fp_line (start 3.81 6.35) (end -1.27 6.35) (layer F.Fab) (width 0.1))
    (fp_line (start 3.81 -1.27) (end 3.81 6.35) (layer F.Fab) (width 0.1))
    (fp_line (start 0 -1.27) (end 3.81 -1.27) (layer F.Fab) (width 0.1))
    (pad 6 thru_hole oval (at 2.54 5.08 180) (size 1.7 1.7) (drill 1) (layers *.Cu *.Mask)
      (net 1 GND))
    (pad 5 thru_hole oval (at 0 5.08 180) (size 1.7 1.7) (drill 1) (layers *.Cu *.Mask)
      (net 24 "Net-(J5-Pad5)"))
    (pad 4 thru_hole oval (at 2.54 2.54 180) (size 1.7 1.7) (drill 1) (layers *.Cu *.Mask)
      (net 23 "Net-(J5-Pad4)"))
    (pad 3 thru_hole oval (at 0 2.54 180) (size 1.7 1.7) (drill 1) (layers *.Cu *.Mask)
      (net 22 "Net-(J5-Pad3)"))
    (pad 2 thru_hole oval (at 2.54 0 180) (size 1.7 1.7) (drill 1) (layers *.Cu *.Mask)
      (net 8 VCC))
    (pad 1 thru_hole rect (at 0 0 180) (size 1.7 1.7) (drill 1) (layers *.Cu *.Mask)
      (net 21 "Net-(J5-Pad1)"))
    (model ${KISYS3DMOD}/Connector_PinHeader_2.54mm.3dshapes/PinHeader_2x03_P2.54mm_Vertical.wrl
      (at (xyz 0 0 0))
      (scale (xyz 1 1 1))
      (rotate (xyz 0 0 0))
    )
  )

  (module Package_QFP:TQFP-32_7x7mm_P0.8mm (layer F.Cu) (tedit 5A02F146) (tstamp 60B8E537)
    (at 42.713 42.503 270)
    (descr "32-Lead Plastic Thin Quad Flatpack (PT) - 7x7x1.0 mm Body, 2.00 mm [TQFP] (see Microchip Packaging Specification 00000049BS.pdf)")
    (tags "QFP 0.8")
    (path /60B552BE)
    (attr smd)
    (fp_text reference U3 (at 4.397 -4.187 180) (layer F.SilkS)
      (effects (font (size 0.7 0.7) (thickness 0.1)))
    )
    (fp_text value ATmega328P-AU (at 0 6.05 90) (layer F.Fab)
      (effects (font (size 1 1) (thickness 0.15)))
    )
    (fp_text user %R (at 0 0 90) (layer F.Fab)
      (effects (font (size 0.7 0.7) (thickness 0.1)))
    )
    (fp_line (start -2.5 -3.5) (end 3.5 -3.5) (layer F.Fab) (width 0.15))
    (fp_line (start 3.5 -3.5) (end 3.5 3.5) (layer F.Fab) (width 0.15))
    (fp_line (start 3.5 3.5) (end -3.5 3.5) (layer F.Fab) (width 0.15))
    (fp_line (start -3.5 3.5) (end -3.5 -2.5) (layer F.Fab) (width 0.15))
    (fp_line (start -3.5 -2.5) (end -2.5 -3.5) (layer F.Fab) (width 0.15))
    (fp_line (start -5.3 -5.3) (end -5.3 5.3) (layer F.CrtYd) (width 0.05))
    (fp_line (start 5.3 -5.3) (end 5.3 5.3) (layer F.CrtYd) (width 0.05))
    (fp_line (start -5.3 -5.3) (end 5.3 -5.3) (layer F.CrtYd) (width 0.05))
    (fp_line (start -5.3 5.3) (end 5.3 5.3) (layer F.CrtYd) (width 0.05))
    (fp_line (start -3.625 -3.625) (end -3.625 -3.4) (layer F.SilkS) (width 0.15))
    (fp_line (start 3.625 -3.625) (end 3.625 -3.3) (layer F.SilkS) (width 0.15))
    (fp_line (start 3.625 3.625) (end 3.625 3.3) (layer F.SilkS) (width 0.15))
    (fp_line (start -3.625 3.625) (end -3.625 3.3) (layer F.SilkS) (width 0.15))
    (fp_line (start -3.625 -3.625) (end -3.3 -3.625) (layer F.SilkS) (width 0.15))
    (fp_line (start -3.625 3.625) (end -3.3 3.625) (layer F.SilkS) (width 0.15))
    (fp_line (start 3.625 3.625) (end 3.3 3.625) (layer F.SilkS) (width 0.15))
    (fp_line (start 3.625 -3.625) (end 3.3 -3.625) (layer F.SilkS) (width 0.15))
    (fp_line (start -3.625 -3.4) (end -5.05 -3.4) (layer F.SilkS) (width 0.15))
    (pad 32 smd rect (at -2.8 -4.25) (size 1.6 0.55) (layers F.Cu F.Paste F.Mask)
      (net 37 /RATE))
    (pad 31 smd rect (at -2 -4.25) (size 1.6 0.55) (layers F.Cu F.Paste F.Mask)
      (net 25 "Net-(J6-Pad3)"))
    (pad 30 smd rect (at -1.2 -4.25) (size 1.6 0.55) (layers F.Cu F.Paste F.Mask)
      (net 26 "Net-(J6-Pad2)"))
    (pad 29 smd rect (at -0.4 -4.25) (size 1.6 0.55) (layers F.Cu F.Paste F.Mask)
      (net 24 "Net-(J5-Pad5)"))
    (pad 28 smd rect (at 0.4 -4.25) (size 1.6 0.55) (layers F.Cu F.Paste F.Mask)
      (net 45 "Net-(U3-Pad28)"))
    (pad 27 smd rect (at 1.2 -4.25) (size 1.6 0.55) (layers F.Cu F.Paste F.Mask)
      (net 44 "Net-(U3-Pad27)"))
    (pad 26 smd rect (at 2 -4.25) (size 1.6 0.55) (layers F.Cu F.Paste F.Mask)
      (net 38 /N_BATT_STDBY))
    (pad 25 smd rect (at 2.8 -4.25) (size 1.6 0.55) (layers F.Cu F.Paste F.Mask)
      (net 39 /N_BATT_CHRG))
    (pad 24 smd rect (at 4.25 -2.8 270) (size 1.6 0.55) (layers F.Cu F.Paste F.Mask)
      (net 33 "Net-(R17-Pad2)"))
    (pad 23 smd rect (at 4.25 -2 270) (size 1.6 0.55) (layers F.Cu F.Paste F.Mask)
      (net 32 "Net-(R16-Pad2)"))
    (pad 22 smd rect (at 4.25 -1.2 270) (size 1.6 0.55) (layers F.Cu F.Paste F.Mask)
      (net 43 "Net-(U3-Pad22)"))
    (pad 21 smd rect (at 4.25 -0.4 270) (size 1.6 0.55) (layers F.Cu F.Paste F.Mask)
      (net 1 GND))
    (pad 20 smd rect (at 4.25 0.4 270) (size 1.6 0.55) (layers F.Cu F.Paste F.Mask)
      (net 9 "Net-(C7-Pad1)"))
    (pad 19 smd rect (at 4.25 1.2 270) (size 1.6 0.55) (layers F.Cu F.Paste F.Mask)
      (net 42 "Net-(U3-Pad19)"))
    (pad 18 smd rect (at 4.25 2 270) (size 1.6 0.55) (layers F.Cu F.Paste F.Mask)
      (net 8 VCC))
    (pad 17 smd rect (at 4.25 2.8 270) (size 1.6 0.55) (layers F.Cu F.Paste F.Mask)
      (net 22 "Net-(J5-Pad3)"))
    (pad 16 smd rect (at 2.8 4.25) (size 1.6 0.55) (layers F.Cu F.Paste F.Mask)
      (net 21 "Net-(J5-Pad1)"))
    (pad 15 smd rect (at 2 4.25) (size 1.6 0.55) (layers F.Cu F.Paste F.Mask)
      (net 23 "Net-(J5-Pad4)"))
    (pad 14 smd rect (at 1.2 4.25) (size 1.6 0.55) (layers F.Cu F.Paste F.Mask)
      (net 49 "Net-(U3-Pad14)"))
    (pad 13 smd rect (at 0.4 4.25) (size 1.6 0.55) (layers F.Cu F.Paste F.Mask)
      (net 41 "Net-(U3-Pad13)"))
    (pad 12 smd rect (at -0.4 4.25) (size 1.6 0.55) (layers F.Cu F.Paste F.Mask)
      (net 40 "Net-(U3-Pad12)"))
    (pad 11 smd rect (at -1.2 4.25) (size 1.6 0.55) (layers F.Cu F.Paste F.Mask)
      (net 48 "Net-(U3-Pad11)"))
    (pad 10 smd rect (at -2 4.25) (size 1.6 0.55) (layers F.Cu F.Paste F.Mask)
      (net 15 /LED_A))
    (pad 9 smd rect (at -2.8 4.25) (size 1.6 0.55) (layers F.Cu F.Paste F.Mask)
      (net 31 /LED_B))
    (pad 8 smd rect (at -4.25 2.8 270) (size 1.6 0.55) (layers F.Cu F.Paste F.Mask)
      (net 11 "Net-(C11-Pad2)"))
    (pad 7 smd rect (at -4.25 2 270) (size 1.6 0.55) (layers F.Cu F.Paste F.Mask)
      (net 10 "Net-(C10-Pad2)"))
    (pad 6 smd rect (at -4.25 1.2 270) (size 1.6 0.55) (layers F.Cu F.Paste F.Mask)
      (net 8 VCC))
    (pad 5 smd rect (at -4.25 0.4 270) (size 1.6 0.55) (layers F.Cu F.Paste F.Mask)
      (net 1 GND))
    (pad 4 smd rect (at -4.25 -0.4 270) (size 1.6 0.55) (layers F.Cu F.Paste F.Mask)
      (net 8 VCC))
    (pad 3 smd rect (at -4.25 -1.2 270) (size 1.6 0.55) (layers F.Cu F.Paste F.Mask)
      (net 1 GND))
    (pad 2 smd rect (at -4.25 -2 270) (size 1.6 0.55) (layers F.Cu F.Paste F.Mask)
      (net 34 /SCK))
    (pad 1 smd rect (at -4.25 -2.8 270) (size 1.6 0.55) (layers F.Cu F.Paste F.Mask)
      (net 35 /DOUT))
    (model ${KISYS3DMOD}/Package_QFP.3dshapes/TQFP-32_7x7mm_P0.8mm.wrl
      (at (xyz 0 0 0))
      (scale (xyz 1 1 1))
      (rotate (xyz 0 0 0))
    )
  )

  (module Connector_PinHeader_2.00mm:PinHeader_1x04_P2.00mm_Vertical (layer F.Cu) (tedit 59FED667) (tstamp 60B8DBDB)
    (at 50.8 61.388 270)
    (descr "Through hole straight pin header, 1x04, 2.00mm pitch, single row")
    (tags "Through hole pin header THT 1x04 2.00mm single row")
    (path /60D3CAA5)
    (fp_text reference J2 (at 0 8.322 90) (layer F.SilkS) hide
      (effects (font (size 0.7 0.7) (thickness 0.1)))
    )
    (fp_text value "Load cell" (at 0 8.06 90) (layer F.Fab)
      (effects (font (size 1 1) (thickness 0.15)))
    )
    (fp_text user %R (at 0 3) (layer F.Fab)
      (effects (font (size 0.7 0.7) (thickness 0.1)))
    )
    (fp_line (start 1.5 -1.5) (end -1.5 -1.5) (layer F.CrtYd) (width 0.05))
    (fp_line (start 1.5 7.5) (end 1.5 -1.5) (layer F.CrtYd) (width 0.05))
    (fp_line (start -1.5 7.5) (end 1.5 7.5) (layer F.CrtYd) (width 0.05))
    (fp_line (start -1.5 -1.5) (end -1.5 7.5) (layer F.CrtYd) (width 0.05))
    (fp_line (start -1.06 -1.06) (end 0 -1.06) (layer F.SilkS) (width 0.12))
    (fp_line (start -1.06 0) (end -1.06 -1.06) (layer F.SilkS) (width 0.12))
    (fp_line (start -1.06 1) (end 1.06 1) (layer F.SilkS) (width 0.12))
    (fp_line (start 1.06 1) (end 1.06 7.06) (layer F.SilkS) (width 0.12))
    (fp_line (start -1.06 1) (end -1.06 7.06) (layer F.SilkS) (width 0.12))
    (fp_line (start -1.06 7.06) (end 1.06 7.06) (layer F.SilkS) (width 0.12))
    (fp_line (start -1 -0.5) (end -0.5 -1) (layer F.Fab) (width 0.1))
    (fp_line (start -1 7) (end -1 -0.5) (layer F.Fab) (width 0.1))
    (fp_line (start 1 7) (end -1 7) (layer F.Fab) (width 0.1))
    (fp_line (start 1 -1) (end 1 7) (layer F.Fab) (width 0.1))
    (fp_line (start -0.5 -1) (end 1 -1) (layer F.Fab) (width 0.1))
    (pad 4 thru_hole oval (at 0 6 270) (size 1.35 1.35) (drill 0.8) (layers *.Cu *.Mask)
      (net 2 "Net-(C1-Pad1)"))
    (pad 3 thru_hole oval (at 0 4 270) (size 1.35 1.35) (drill 0.8) (layers *.Cu *.Mask)
      (net 1 GND))
    (pad 2 thru_hole oval (at 0 2 270) (size 1.35 1.35) (drill 0.8) (layers *.Cu *.Mask)
      (net 20 "Net-(J2-Pad2)"))
    (pad 1 thru_hole rect (at 0 0 270) (size 1.35 1.35) (drill 0.8) (layers *.Cu *.Mask)
      (net 50 "Net-(J2-Pad1)"))
    (model ${KISYS3DMOD}/Connector_PinHeader_2.00mm.3dshapes/PinHeader_1x04_P2.00mm_Vertical.wrl
      (at (xyz 0 0 0))
      (scale (xyz 1 1 1))
      (rotate (xyz 0 0 0))
    )
  )

  (module Capacitor_SMD:C_0603_1608Metric (layer F.Cu) (tedit 5F68FEEE) (tstamp 60B8E37F)
    (at 42.713 48.853)
    (descr "Capacitor SMD 0603 (1608 Metric), square (rectangular) end terminal, IPC_7351 nominal, (Body size source: IPC-SM-782 page 76, https://www.pcb-3d.com/wordpress/wp-content/uploads/ipc-sm-782a_amendment_1_and_2.pdf), generated with kicad-footprint-generator")
    (tags capacitor)
    (path /60BF1C5C)
    (attr smd)
    (fp_text reference C7 (at -0.549 1.297) (layer F.SilkS)
      (effects (font (size 0.7 0.7) (thickness 0.1)))
    )
    (fp_text value 100n (at 0 1.43) (layer F.Fab)
      (effects (font (size 1 1) (thickness 0.15)))
    )
    (fp_text user %R (at 0 0) (layer F.Fab)
      (effects (font (size 0.7 0.7) (thickness 0.1)))
    )
    (fp_line (start -0.8 0.4) (end -0.8 -0.4) (layer F.Fab) (width 0.1))
    (fp_line (start -0.8 -0.4) (end 0.8 -0.4) (layer F.Fab) (width 0.1))
    (fp_line (start 0.8 -0.4) (end 0.8 0.4) (layer F.Fab) (width 0.1))
    (fp_line (start 0.8 0.4) (end -0.8 0.4) (layer F.Fab) (width 0.1))
    (fp_line (start -0.14058 -0.51) (end 0.14058 -0.51) (layer F.SilkS) (width 0.12))
    (fp_line (start -0.14058 0.51) (end 0.14058 0.51) (layer F.SilkS) (width 0.12))
    (fp_line (start -1.48 0.73) (end -1.48 -0.73) (layer F.CrtYd) (width 0.05))
    (fp_line (start -1.48 -0.73) (end 1.48 -0.73) (layer F.CrtYd) (width 0.05))
    (fp_line (start 1.48 -0.73) (end 1.48 0.73) (layer F.CrtYd) (width 0.05))
    (fp_line (start 1.48 0.73) (end -1.48 0.73) (layer F.CrtYd) (width 0.05))
    (pad 2 smd roundrect (at 0.775 0) (size 0.9 0.95) (layers F.Cu F.Paste F.Mask) (roundrect_rratio 0.25)
      (net 1 GND))
    (pad 1 smd roundrect (at -0.775 0) (size 0.9 0.95) (layers F.Cu F.Paste F.Mask) (roundrect_rratio 0.25)
      (net 9 "Net-(C7-Pad1)"))
    (model ${KISYS3DMOD}/Capacitor_SMD.3dshapes/C_0603_1608Metric.wrl
      (at (xyz 0 0 0))
      (scale (xyz 1 1 1))
      (rotate (xyz 0 0 0))
    )
  )

  (module Capacitor_SMD:C_0603_1608Metric (layer F.Cu) (tedit 5F68FEEE) (tstamp 60B8E46F)
    (at 39.497 48.815 180)
    (descr "Capacitor SMD 0603 (1608 Metric), square (rectangular) end terminal, IPC_7351 nominal, (Body size source: IPC-SM-782 page 76, https://www.pcb-3d.com/wordpress/wp-content/uploads/ipc-sm-782a_amendment_1_and_2.pdf), generated with kicad-footprint-generator")
    (tags capacitor)
    (path /60C08346)
    (attr smd)
    (fp_text reference C8 (at 0.127 -1.397) (layer F.SilkS)
      (effects (font (size 0.7 0.7) (thickness 0.1)))
    )
    (fp_text value 100n (at 0 1.43) (layer F.Fab)
      (effects (font (size 1 1) (thickness 0.15)))
    )
    (fp_text user %R (at 0 0) (layer F.Fab)
      (effects (font (size 0.7 0.7) (thickness 0.1)))
    )
    (fp_line (start 1.48 0.73) (end -1.48 0.73) (layer F.CrtYd) (width 0.05))
    (fp_line (start 1.48 -0.73) (end 1.48 0.73) (layer F.CrtYd) (width 0.05))
    (fp_line (start -1.48 -0.73) (end 1.48 -0.73) (layer F.CrtYd) (width 0.05))
    (fp_line (start -1.48 0.73) (end -1.48 -0.73) (layer F.CrtYd) (width 0.05))
    (fp_line (start -0.14058 0.51) (end 0.14058 0.51) (layer F.SilkS) (width 0.12))
    (fp_line (start -0.14058 -0.51) (end 0.14058 -0.51) (layer F.SilkS) (width 0.12))
    (fp_line (start 0.8 0.4) (end -0.8 0.4) (layer F.Fab) (width 0.1))
    (fp_line (start 0.8 -0.4) (end 0.8 0.4) (layer F.Fab) (width 0.1))
    (fp_line (start -0.8 -0.4) (end 0.8 -0.4) (layer F.Fab) (width 0.1))
    (fp_line (start -0.8 0.4) (end -0.8 -0.4) (layer F.Fab) (width 0.1))
    (pad 1 smd roundrect (at -0.775 0 180) (size 0.9 0.95) (layers F.Cu F.Paste F.Mask) (roundrect_rratio 0.25)
      (net 8 VCC))
    (pad 2 smd roundrect (at 0.775 0 180) (size 0.9 0.95) (layers F.Cu F.Paste F.Mask) (roundrect_rratio 0.25)
      (net 1 GND))
    (model ${KISYS3DMOD}/Capacitor_SMD.3dshapes/C_0603_1608Metric.wrl
      (at (xyz 0 0 0))
      (scale (xyz 1 1 1))
      (rotate (xyz 0 0 0))
    )
  )

  (module Resistor_SMD:R_0603_1608Metric (layer F.Cu) (tedit 5F68FEEE) (tstamp 60BAB521)
    (at 28.738 56.562 180)
    (descr "Resistor SMD 0603 (1608 Metric), square (rectangular) end terminal, IPC_7351 nominal, (Body size source: IPC-SM-782 page 72, https://www.pcb-3d.com/wordpress/wp-content/uploads/ipc-sm-782a_amendment_1_and_2.pdf), generated with kicad-footprint-generator")
    (tags resistor)
    (path /60DC0B90)
    (attr smd)
    (fp_text reference R12 (at 2.068 0 90) (layer F.SilkS)
      (effects (font (size 0.7 0.7) (thickness 0.1)))
    )
    (fp_text value 0R (at 0 1.43) (layer F.Fab)
      (effects (font (size 1 1) (thickness 0.15)))
    )
    (fp_text user %R (at 0 0) (layer F.Fab)
      (effects (font (size 0.7 0.7) (thickness 0.1)))
    )
    (fp_line (start -0.8 0.4125) (end -0.8 -0.4125) (layer F.Fab) (width 0.1))
    (fp_line (start -0.8 -0.4125) (end 0.8 -0.4125) (layer F.Fab) (width 0.1))
    (fp_line (start 0.8 -0.4125) (end 0.8 0.4125) (layer F.Fab) (width 0.1))
    (fp_line (start 0.8 0.4125) (end -0.8 0.4125) (layer F.Fab) (width 0.1))
    (fp_line (start -0.237258 -0.5225) (end 0.237258 -0.5225) (layer F.SilkS) (width 0.12))
    (fp_line (start -0.237258 0.5225) (end 0.237258 0.5225) (layer F.SilkS) (width 0.12))
    (fp_line (start -1.48 0.73) (end -1.48 -0.73) (layer F.CrtYd) (width 0.05))
    (fp_line (start -1.48 -0.73) (end 1.48 -0.73) (layer F.CrtYd) (width 0.05))
    (fp_line (start 1.48 -0.73) (end 1.48 0.73) (layer F.CrtYd) (width 0.05))
    (fp_line (start 1.48 0.73) (end -1.48 0.73) (layer F.CrtYd) (width 0.05))
    (pad 2 smd roundrect (at 0.825 0 180) (size 0.8 0.95) (layers F.Cu F.Paste F.Mask) (roundrect_rratio 0.25)
      (net 8 VCC))
    (pad 1 smd roundrect (at -0.825 0 180) (size 0.8 0.95) (layers F.Cu F.Paste F.Mask) (roundrect_rratio 0.25)
      (net 30 "Net-(R12-Pad1)"))
    (model ${KISYS3DMOD}/Resistor_SMD.3dshapes/R_0603_1608Metric.wrl
      (at (xyz 0 0 0))
      (scale (xyz 1 1 1))
      (rotate (xyz 0 0 0))
    )
  )

  (module Capacitor_SMD:C_0603_1608Metric (layer F.Cu) (tedit 5F68FEEE) (tstamp 60B8D9BE)
    (at 56.316 54.828 180)
    (descr "Capacitor SMD 0603 (1608 Metric), square (rectangular) end terminal, IPC_7351 nominal, (Body size source: IPC-SM-782 page 76, https://www.pcb-3d.com/wordpress/wp-content/uploads/ipc-sm-782a_amendment_1_and_2.pdf), generated with kicad-footprint-generator")
    (tags capacitor)
    (path /60E7358C)
    (attr smd)
    (fp_text reference C2 (at -0.084 1.178) (layer F.SilkS)
      (effects (font (size 0.7 0.7) (thickness 0.1)))
    )
    (fp_text value 100n (at 0 1.43) (layer F.Fab)
      (effects (font (size 1 1) (thickness 0.15)))
    )
    (fp_text user %R (at 0 0) (layer F.Fab)
      (effects (font (size 0.7 0.7) (thickness 0.1)))
    )
    (fp_line (start -0.8 0.4) (end -0.8 -0.4) (layer F.Fab) (width 0.1))
    (fp_line (start -0.8 -0.4) (end 0.8 -0.4) (layer F.Fab) (width 0.1))
    (fp_line (start 0.8 -0.4) (end 0.8 0.4) (layer F.Fab) (width 0.1))
    (fp_line (start 0.8 0.4) (end -0.8 0.4) (layer F.Fab) (width 0.1))
    (fp_line (start -0.14058 -0.51) (end 0.14058 -0.51) (layer F.SilkS) (width 0.12))
    (fp_line (start -0.14058 0.51) (end 0.14058 0.51) (layer F.SilkS) (width 0.12))
    (fp_line (start -1.48 0.73) (end -1.48 -0.73) (layer F.CrtYd) (width 0.05))
    (fp_line (start -1.48 -0.73) (end 1.48 -0.73) (layer F.CrtYd) (width 0.05))
    (fp_line (start 1.48 -0.73) (end 1.48 0.73) (layer F.CrtYd) (width 0.05))
    (fp_line (start 1.48 0.73) (end -1.48 0.73) (layer F.CrtYd) (width 0.05))
    (pad 2 smd roundrect (at 0.775 0 180) (size 0.9 0.95) (layers F.Cu F.Paste F.Mask) (roundrect_rratio 0.25)
      (net 4 "Net-(C2-Pad2)"))
    (pad 1 smd roundrect (at -0.775 0 180) (size 0.9 0.95) (layers F.Cu F.Paste F.Mask) (roundrect_rratio 0.25)
      (net 3 "Net-(C2-Pad1)"))
    (model ${KISYS3DMOD}/Capacitor_SMD.3dshapes/C_0603_1608Metric.wrl
      (at (xyz 0 0 0))
      (scale (xyz 1 1 1))
      (rotate (xyz 0 0 0))
    )
  )

  (module Capacitor_SMD:C_0603_1608Metric (layer F.Cu) (tedit 5F68FEEE) (tstamp 60B8DCD6)
    (at 53.001 54.828)
    (descr "Capacitor SMD 0603 (1608 Metric), square (rectangular) end terminal, IPC_7351 nominal, (Body size source: IPC-SM-782 page 76, https://www.pcb-3d.com/wordpress/wp-content/uploads/ipc-sm-782a_amendment_1_and_2.pdf), generated with kicad-footprint-generator")
    (tags capacitor)
    (path /60D1A214)
    (attr smd)
    (fp_text reference C4 (at -0.101 -1.178) (layer F.SilkS)
      (effects (font (size 0.7 0.7) (thickness 0.1)))
    )
    (fp_text value 100n (at 0 1.43) (layer F.Fab)
      (effects (font (size 1 1) (thickness 0.15)))
    )
    (fp_text user %R (at 0 0) (layer F.Fab)
      (effects (font (size 0.7 0.7) (thickness 0.1)))
    )
    (fp_line (start -0.8 0.4) (end -0.8 -0.4) (layer F.Fab) (width 0.1))
    (fp_line (start -0.8 -0.4) (end 0.8 -0.4) (layer F.Fab) (width 0.1))
    (fp_line (start 0.8 -0.4) (end 0.8 0.4) (layer F.Fab) (width 0.1))
    (fp_line (start 0.8 0.4) (end -0.8 0.4) (layer F.Fab) (width 0.1))
    (fp_line (start -0.14058 -0.51) (end 0.14058 -0.51) (layer F.SilkS) (width 0.12))
    (fp_line (start -0.14058 0.51) (end 0.14058 0.51) (layer F.SilkS) (width 0.12))
    (fp_line (start -1.48 0.73) (end -1.48 -0.73) (layer F.CrtYd) (width 0.05))
    (fp_line (start -1.48 -0.73) (end 1.48 -0.73) (layer F.CrtYd) (width 0.05))
    (fp_line (start 1.48 -0.73) (end 1.48 0.73) (layer F.CrtYd) (width 0.05))
    (fp_line (start 1.48 0.73) (end -1.48 0.73) (layer F.CrtYd) (width 0.05))
    (pad 2 smd roundrect (at 0.775 0) (size 0.9 0.95) (layers F.Cu F.Paste F.Mask) (roundrect_rratio 0.25)
      (net 6 "Net-(C4-Pad2)"))
    (pad 1 smd roundrect (at -0.775 0) (size 0.9 0.95) (layers F.Cu F.Paste F.Mask) (roundrect_rratio 0.25)
      (net 1 GND))
    (model ${KISYS3DMOD}/Capacitor_SMD.3dshapes/C_0603_1608Metric.wrl
      (at (xyz 0 0 0))
      (scale (xyz 1 1 1))
      (rotate (xyz 0 0 0))
    )
  )

  (module Capacitor_SMD:C_0603_1608Metric (layer F.Cu) (tedit 5F68FEEE) (tstamp 60BC0E3F)
    (at 49.784 43.1 180)
    (descr "Capacitor SMD 0603 (1608 Metric), square (rectangular) end terminal, IPC_7351 nominal, (Body size source: IPC-SM-782 page 76, https://www.pcb-3d.com/wordpress/wp-content/uploads/ipc-sm-782a_amendment_1_and_2.pdf), generated with kicad-footprint-generator")
    (tags capacitor)
    (path /60CE3EBE)
    (attr smd)
    (fp_text reference C5 (at 0 1.27) (layer F.SilkS)
      (effects (font (size 0.7 0.7) (thickness 0.1)))
    )
    (fp_text value 100n (at 0 1.43) (layer F.Fab)
      (effects (font (size 1 1) (thickness 0.15)))
    )
    (fp_text user %R (at 0 0) (layer F.Fab)
      (effects (font (size 0.7 0.7) (thickness 0.1)))
    )
    (fp_line (start 1.48 0.73) (end -1.48 0.73) (layer F.CrtYd) (width 0.05))
    (fp_line (start 1.48 -0.73) (end 1.48 0.73) (layer F.CrtYd) (width 0.05))
    (fp_line (start -1.48 -0.73) (end 1.48 -0.73) (layer F.CrtYd) (width 0.05))
    (fp_line (start -1.48 0.73) (end -1.48 -0.73) (layer F.CrtYd) (width 0.05))
    (fp_line (start -0.14058 0.51) (end 0.14058 0.51) (layer F.SilkS) (width 0.12))
    (fp_line (start -0.14058 -0.51) (end 0.14058 -0.51) (layer F.SilkS) (width 0.12))
    (fp_line (start 0.8 0.4) (end -0.8 0.4) (layer F.Fab) (width 0.1))
    (fp_line (start 0.8 -0.4) (end 0.8 0.4) (layer F.Fab) (width 0.1))
    (fp_line (start -0.8 -0.4) (end 0.8 -0.4) (layer F.Fab) (width 0.1))
    (fp_line (start -0.8 0.4) (end -0.8 -0.4) (layer F.Fab) (width 0.1))
    (pad 1 smd roundrect (at -0.775 0 180) (size 0.9 0.95) (layers F.Cu F.Paste F.Mask) (roundrect_rratio 0.25)
      (net 1 GND))
    (pad 2 smd roundrect (at 0.775 0 180) (size 0.9 0.95) (layers F.Cu F.Paste F.Mask) (roundrect_rratio 0.25)
      (net 7 "Net-(C5-Pad2)"))
    (model ${KISYS3DMOD}/Capacitor_SMD.3dshapes/C_0603_1608Metric.wrl
      (at (xyz 0 0 0))
      (scale (xyz 1 1 1))
      (rotate (xyz 0 0 0))
    )
  )

  (module Capacitor_SMD:C_0603_1608Metric (layer F.Cu) (tedit 5F68FEEE) (tstamp 60B8E3AF)
    (at 42.4 35.988)
    (descr "Capacitor SMD 0603 (1608 Metric), square (rectangular) end terminal, IPC_7351 nominal, (Body size source: IPC-SM-782 page 76, https://www.pcb-3d.com/wordpress/wp-content/uploads/ipc-sm-782a_amendment_1_and_2.pdf), generated with kicad-footprint-generator")
    (tags capacitor)
    (path /60C07DDE)
    (attr smd)
    (fp_text reference C9 (at -2.141 0) (layer F.SilkS)
      (effects (font (size 0.7 0.7) (thickness 0.1)))
    )
    (fp_text value 100n (at 0 1.43) (layer F.Fab)
      (effects (font (size 1 1) (thickness 0.15)))
    )
    (fp_text user %R (at 0 0) (layer F.Fab)
      (effects (font (size 0.7 0.7) (thickness 0.1)))
    )
    (fp_line (start -0.8 0.4) (end -0.8 -0.4) (layer F.Fab) (width 0.1))
    (fp_line (start -0.8 -0.4) (end 0.8 -0.4) (layer F.Fab) (width 0.1))
    (fp_line (start 0.8 -0.4) (end 0.8 0.4) (layer F.Fab) (width 0.1))
    (fp_line (start 0.8 0.4) (end -0.8 0.4) (layer F.Fab) (width 0.1))
    (fp_line (start -0.14058 -0.51) (end 0.14058 -0.51) (layer F.SilkS) (width 0.12))
    (fp_line (start -0.14058 0.51) (end 0.14058 0.51) (layer F.SilkS) (width 0.12))
    (fp_line (start -1.48 0.73) (end -1.48 -0.73) (layer F.CrtYd) (width 0.05))
    (fp_line (start -1.48 -0.73) (end 1.48 -0.73) (layer F.CrtYd) (width 0.05))
    (fp_line (start 1.48 -0.73) (end 1.48 0.73) (layer F.CrtYd) (width 0.05))
    (fp_line (start 1.48 0.73) (end -1.48 0.73) (layer F.CrtYd) (width 0.05))
    (pad 2 smd roundrect (at 0.775 0) (size 0.9 0.95) (layers F.Cu F.Paste F.Mask) (roundrect_rratio 0.25)
      (net 8 VCC))
    (pad 1 smd roundrect (at -0.775 0) (size 0.9 0.95) (layers F.Cu F.Paste F.Mask) (roundrect_rratio 0.25)
      (net 1 GND))
    (model ${KISYS3DMOD}/Capacitor_SMD.3dshapes/C_0603_1608Metric.wrl
      (at (xyz 0 0 0))
      (scale (xyz 1 1 1))
      (rotate (xyz 0 0 0))
    )
  )

  (module Capacitor_SMD:C_0603_1608Metric (layer F.Cu) (tedit 5F68FEEE) (tstamp 60B8E40F)
    (at 37.846 33.956 180)
    (descr "Capacitor SMD 0603 (1608 Metric), square (rectangular) end terminal, IPC_7351 nominal, (Body size source: IPC-SM-782 page 76, https://www.pcb-3d.com/wordpress/wp-content/uploads/ipc-sm-782a_amendment_1_and_2.pdf), generated with kicad-footprint-generator")
    (tags capacitor)
    (path /60C37D22)
    (attr smd)
    (fp_text reference C10 (at 0 -1.016) (layer F.SilkS)
      (effects (font (size 0.7 0.7) (thickness 0.1)))
    )
    (fp_text value 18p (at 0 1.43) (layer F.Fab)
      (effects (font (size 1 1) (thickness 0.15)))
    )
    (fp_text user %R (at 0 0) (layer F.Fab)
      (effects (font (size 0.7 0.7) (thickness 0.1)))
    )
    (fp_line (start -0.8 0.4) (end -0.8 -0.4) (layer F.Fab) (width 0.1))
    (fp_line (start -0.8 -0.4) (end 0.8 -0.4) (layer F.Fab) (width 0.1))
    (fp_line (start 0.8 -0.4) (end 0.8 0.4) (layer F.Fab) (width 0.1))
    (fp_line (start 0.8 0.4) (end -0.8 0.4) (layer F.Fab) (width 0.1))
    (fp_line (start -0.14058 -0.51) (end 0.14058 -0.51) (layer F.SilkS) (width 0.12))
    (fp_line (start -0.14058 0.51) (end 0.14058 0.51) (layer F.SilkS) (width 0.12))
    (fp_line (start -1.48 0.73) (end -1.48 -0.73) (layer F.CrtYd) (width 0.05))
    (fp_line (start -1.48 -0.73) (end 1.48 -0.73) (layer F.CrtYd) (width 0.05))
    (fp_line (start 1.48 -0.73) (end 1.48 0.73) (layer F.CrtYd) (width 0.05))
    (fp_line (start 1.48 0.73) (end -1.48 0.73) (layer F.CrtYd) (width 0.05))
    (pad 2 smd roundrect (at 0.775 0 180) (size 0.9 0.95) (layers F.Cu F.Paste F.Mask) (roundrect_rratio 0.25)
      (net 10 "Net-(C10-Pad2)"))
